INFO: created undeclared connector root.initial
rfsm_timeevent: time-event extension loaded
Please run "youbot_test_help()" for information on available functions
Configuring dynamics
number of alfa columns 1
number of beta columns 1
[0m[ INFO] [1336145315.577630155]: Joint 'base_x_joint' is of type PRISMATIC without limits[0m
[0m[ INFO] [1336145315.577903294]: Joint 'base_y_joint' is of type PRISMATIC without limits[0m
[33m[ WARN] [1336145315.581903610]: The root link base_footprint has an inertia specified in the URDF, but KDL does not support a root link with an inertia.  As a workaround, you can add an extra dummy link to your URDF.[0m
> In update hook before cartjnt jacc      0.000000   0.000000   0.000000   0.000000   0.000000
0 s.F [[    0.999999,  0.00110132,           0;
  -0.00110132,    0.999999,           0;
            0,           0,           1]
[       0.024,           0,       0.096]]
0 Z in segment [           0,           0,           0,           0,           0,           1]
0 Link velocity [           0,           0,           0,           0,           0,           0]
0 aj [           0,           0,           0,           0,           0,           0]
0 Link acceleration: [           0,           0,        9.81,           0,           0,           0]
0 Link acceleration 000: [           0,           0,           0,           0,           0,           0]
0 Link bias acceleration: [           0,           0,           0,           0,           0,           0]
0 Link bias acceleration in joint coor: [           0,           0,           0,           0,           0,           0]
0 U [           0,           0,           0,           0,           0,           0]
1 s.F [[    0.966344,           0,   -0.257252;
            0,           1,           0;
     0.257252,           0,    0.966344]
[       0.033,           0,       0.019]]
1 Z in segment [           0,           0,           0,           0,          -1,           0]
1 Link velocity [           0,           0,           0,           0,           0,           0]
1 aj [           0,           0,           0,           0,           0,           0]
1 Link acceleration: [     2.52364,           0,     9.47984,           0,           0,           0]
1 Link acceleration 000: [           0,           0,        9.81,           0,           0,           0]
1 Link bias acceleration: [           0,           0,           0,           0,           0,           0]
1 Link bias acceleration in joint coor: [           0,           0,           0,           0,           0,           0]
1 U [           0,           0,           0,           0,           0,           0]
2 s.F [[    0.855457,           0,    0.517874;
            0,           1,           0;
    -0.517874,           0,    0.855457]
[           0,           0,       0.155]]
2 Z in segment [           0,           0,           0,           0,           1,           0]
2 Link velocity [           0,           0,           0,           0,           0,           0]
2 aj [           0,           0,           0,           0,           0,           0]
2 Link acceleration: [     -2.7505,           0,     9.41652,           0,           0,           0]
2 Link acceleration 000: [     2.52364,           0,     9.47984,           0,           0,           0]
2 Link bias acceleration: [           0,           0,           0,           0,           0,           0]
2 Link bias acceleration in joint coor: [           0,           0,           0,           0,           0,           0]
2 U [           0,           0,           0,           0,           0,           0]
3 s.F [[    0.934231,           0,   -0.356668;
            0,           1,           0;
     0.356668,           0,    0.934231]
[           0,           0,       0.135]]
3 Z in segment [           0,           0,           0,           0,          -1,           0]
3 Link velocity [           0,           0,           0,           0,           0,           0]
3 aj [           0,           0,           0,           0,           0,           0]
3 Link acceleration: [    0.788967,           0,     9.77822,           0,           0,           0]
3 Link acceleration 000: [     -2.7505,           0,     9.41652,           0,           0,           0]
3 Link bias acceleration: [           0,           0,           0,           0,           0,           0]
3 Link bias acceleration in joint coor: [           0,           0,           0,           0,           0,           0]
3 U [           0,           0,           0,           0,           0,           0]
4 s.F [[    0.999412,   -0.034281,           0;
     0.034281,    0.999412,           0;
            0,           0,           1]
[      -0.002,           0,        0.13]]
4 Z in segment [           0,           0,           0,           0,           0,           1]
4 Link velocity [           0,           0,           0,           0,           0,           0]
4 aj [           0,           0,           0,           0,           0,           0]
4 Link acceleration: [    0.788503,  -0.0270466,     9.77822,           0,           0,           0]
4 Link acceleration 000: [    0.788967,           0,     9.77822,           0,           0,           0]
4 Link bias acceleration: [           0,           0,           0,           0,           0,           0]
4 Link bias acceleration in joint coor: [           0,           0,           0,           0,           0,           0]
4 U [           0,           0,           0,           0,           0,           0]
5 totalBias -0
5 s.u 0
5 s.R [           0,           0,           0,           0,           0,           0]
5 R~ [           0,           0,           0,           0,           0,           0]
5 P~: 
 0.0102902          0 2.5602e-05          0   0.008534          0
         0  0.0102924          0  -0.008534          0  -0.000753
2.5602e-05          0  0.0100023         -0   0.000753          0
         0  -0.008534         -0      0.251          0          0
  0.008534          0   0.000753          0      0.251          0
         0  -0.000753          0          0          0      0.251
5 P: 
   0.0123132 -2.57681e-08 -2.40535e-05 -1.54054e-20    -0.024096  2.58136e-05
-2.57681e-08    0.0123135  -2.4781e-06     0.024096  5.29396e-23 -0.000250557
-2.40535e-05  -2.4781e-06    0.0100003 -2.58136e-05  0.000250557            0
-1.54054e-20     0.024096 -2.58136e-05        0.251 -7.75882e-19            0
   -0.024096  5.29396e-23  0.000250557 -3.98105e-20        0.251            0
 2.58136e-05 -0.000250557            0            0            0        0.251
4 totalBias -0
4 s.u 0
4 s.R [           0,           0,           0,           0,           0,           0]
4 R~ [           0,           0,           0,           0,           0,           0]
4 P~: 
   0.0231385 -2.57681e-08 -2.40535e-05 -1.54054e-20    -0.049529  -0.00874419
-2.57681e-08     0.023051  0.000251852     0.049529  5.29396e-23 -0.000250557
-2.40535e-05  0.000251852     0.020088   0.00874419  0.000250557            0
-1.54054e-20     0.049529   0.00874419        1.128 -7.75882e-19            0
   -0.049529  5.29396e-23  0.000250557 -3.98105e-20        1.128            0
 -0.00874419 -0.000250557            0            0            0        1.128
4 P: 
   0.0558417 -8.98515e-05   0.00335176  2.27852e-19    -0.198641  -0.00874419
-8.98515e-05    0.0561263   0.00141574     0.198641 -9.78023e-20    0.0174313
  0.00335176   0.00141574      0.02046   0.00874419   -0.0174313  4.03188e-19
 2.27852e-19     0.198641   0.00874419        1.128 -7.24853e-19 -7.78186e-17
   -0.198641 -9.78023e-20   -0.0174313 -3.71923e-20        1.128 -1.41991e-20
 -0.00874419    0.0174313  4.03188e-19 -6.14201e-17 -2.76732e-19        1.128
3 totalBias -0
3 s.u 0
3 s.R [           0,           0,           0,           0,           0,           0]
3 R~ [           0,           0,           0,           0,           0,           0]
3 P~: 
    0.072403 -8.98515e-05   0.00335176  2.27852e-19    -0.272427    0.0174078
-8.98515e-05    0.0719554 -0.000650264     0.272427 -9.78023e-20    0.0174313
  0.00335176 -0.000650264    0.0311922   -0.0174078   -0.0174313  4.03188e-19
 2.27852e-19     0.272427   -0.0174078        2.062 -7.24853e-19 -7.78186e-17
   -0.272427 -9.78023e-20   -0.0174313 -3.71923e-20        2.062 -1.41991e-20
   0.0174078    0.0174313  4.03188e-19 -6.14201e-17 -2.76732e-19        2.062
3 P: 
    0.188904 -0.000413619   -0.0362598  6.09017e-19    -0.561687    0.0174078
-0.000413619     0.196539  -0.00320795     0.561687 -2.16128e-19    -0.126171
  -0.0362598  -0.00320795    0.0392749   -0.0174078     0.126171  5.19231e-19
 6.09017e-19     0.561687   -0.0174078        2.062 -7.63393e-19 -1.39157e-16
   -0.561687 -2.16128e-19     0.126171 -3.91697e-20        2.062  7.11415e-21
   0.0174078    -0.126171  5.19231e-19  5.73543e-17   1.3865e-19        2.062
2 totalBias -0
2 s.u 0
2 s.R [           0,           0,           0,           0,           0,           0]
2 R~ [           0,           0,           0,           0,           0,           0]
2 P~: 
    0.207113 -0.000413619   -0.0362598  6.09017e-19    -0.651777   -0.0195522
-0.000413619     0.213566 -0.000325072     0.651777 -2.16128e-19    -0.126171
  -0.0362598 -0.000325072    0.0504576    0.0195522     0.126171  5.19231e-19
 6.09017e-19     0.651777    0.0195522        3.217 -7.63393e-19 -1.39157e-16
   -0.651777 -2.16128e-19     0.126171 -3.91697e-20        3.217  7.11415e-21
  -0.0195522    -0.126171  5.19231e-19  5.73543e-17   1.3865e-19        3.217
2 P: 
    0.241103  0.000329149   -0.0155206  9.98228e-19    -0.723422   -0.0195522
 0.000329149     0.240378 -4.90444e-05     0.723422 -2.28763e-19   -0.0604152
  -0.0155206 -4.90444e-05    0.0432811    0.0195522    0.0604152  4.72221e-19
 9.98228e-19     0.723422    0.0195522        3.217 -7.73369e-19 -5.28549e-17
   -0.723422 -2.28763e-19    0.0604152 -3.96816e-20        3.217 -3.20175e-21
  -0.0195522   -0.0604152  4.72221e-19  3.83265e-17 -6.24001e-20        3.217
1 totalBias -0
1 s.u 0
1 s.R [           0,           0,           0,           0,           0,           0]
1 R~ [           0,           0,           0,           0,           0,           0]
1 P~: 
    0.251103  0.000329149   -0.0155206  9.98228e-19    -0.723422   -0.0195522
 0.000329149     0.250378 -4.90444e-05     0.723422 -2.28763e-19   -0.0604152
  -0.0155206 -4.90444e-05    0.0532811    0.0195522    0.0604152  4.72221e-19
 9.98228e-19     0.723422    0.0195522        5.629 -7.73369e-19 -5.28549e-17
   -0.723422 -2.28763e-19    0.0604152 -3.96816e-20        5.629 -3.20175e-21
  -0.0195522   -0.0604152  4.72221e-19  3.83265e-17 -6.24001e-20        5.629
1 P: 
    0.441877    0.0007992   -0.0516498  9.84782e-19     -1.26381   -0.0196187
   0.0007992     0.447293   0.00185145      1.26381 -1.40502e-19     -0.19549
  -0.0516498   0.00185145    0.0594223    0.0196187      0.19549  4.73541e-19
 9.84782e-19      1.26381    0.0196187        5.629 -6.16216e-19 -5.28548e-17
    -1.26381 -1.40502e-19      0.19549   2.4564e-20        5.629  5.50083e-20
  -0.0196187     -0.19549  4.73541e-19  3.83265e-17  -1.0461e-19        5.629
0 totalBias 1.59091e-306
0 s.u -9.49571e-66
0 s.R [           0,           0,           0,           0,           0,           0]
0 R~ [           0,           0,           0,           0,           0,           0]
0 P~: 
    0.441877    0.0007992   -0.0516498  9.84782e-19     -1.26381   -0.0196187
   0.0007992     0.447293   0.00185145      1.26381 -1.40502e-19     -0.19549
  -0.0516498   0.00185145    0.0594223    0.0196187      0.19549  4.73541e-19
 9.84782e-19      1.26381    0.0196187        5.629 -6.16216e-19 -5.28548e-17
    -1.26381 -1.40502e-19      0.19549   2.4564e-20        5.629  5.50083e-20
  -0.0196187     -0.19549  4.73541e-19  3.83265e-17  -1.0461e-19        5.629
0 P: 
0 0 0 0 0 0
0 0 0 0 0 0
0 0 0 0 0 0
0 0 0 0 0 0
0 0 0 0 0 0
0 0 0 0 0 0
0 P~ in final recur: 
    0.251103  0.000329149   -0.0155206  9.98228e-19    -0.723422   -0.0195522
 0.000329149     0.250378 -4.90444e-05     0.723422 -2.28763e-19   -0.0604152
  -0.0155206 -4.90444e-05    0.0532811    0.0195522    0.0604152  4.72221e-19
 9.98228e-19     0.723422    0.0195522        5.629 -7.73369e-19 -5.28549e-17
   -0.723422 -2.28763e-19    0.0604152 -3.96816e-20        5.629 -3.20175e-21
  -0.0195522   -0.0604152  4.72221e-19  3.83265e-17 -6.24001e-20        5.629
0 P in final recur: 
    0.441877    0.0007992   -0.0516498  9.84782e-19     -1.26381   -0.0196187
   0.0007992     0.447293   0.00185145      1.26381 -1.40502e-19     -0.19549
  -0.0516498   0.00185145    0.0594223    0.0196187      0.19549  4.73541e-19
 9.84782e-19      1.26381    0.0196187        5.629 -6.16216e-19 -5.28548e-17
    -1.26381 -1.40502e-19      0.19549   2.4564e-20        5.629  5.50083e-20
  -0.0196187     -0.19549  4.73541e-19  3.83265e-17  -1.0461e-19        5.629
0 a_p/parent in final recur [           0,           0,        9.81,           0,           0,           0]
0 s.Z in final recur [           0,           0,           0,           0,           0,           1]
0 s.u in final recur 0
0 s.R/parent force in final recur [-5.18506e-16, 5.39632e-19,     55.2205,    -0.19246,    -1.91775, 4.64544e-18]
0 s.R/parent projection in final recur -4.64544e-18
0 s.C [           0,           0,           0,           0,           0,           0]
0 s.F [[    0.999999,  0.00110132,           0;
  -0.00110132,    0.999999,           0;
            0,           0,           1]
[       0.024,           0,       0.096]]
0 s.acc/current [           0,           0,        9.81,           0,           0,           0]
1 P~ in final recur: 
    0.207113 -0.000413619   -0.0362598  6.09017e-19    -0.651777   -0.0195522
-0.000413619     0.213566 -0.000325072     0.651777 -2.16128e-19    -0.126171
  -0.0362598 -0.000325072    0.0504576    0.0195522     0.126171  5.19231e-19
 6.09017e-19     0.651777    0.0195522        3.217 -7.63393e-19 -1.39157e-16
   -0.651777 -2.16128e-19     0.126171 -3.91697e-20        3.217  7.11415e-21
  -0.0195522    -0.126171  5.19231e-19  5.73543e-17   1.3865e-19        3.217
1 P in final recur: 
    0.241103  0.000329149   -0.0155206  9.98228e-19    -0.723422   -0.0195522
 0.000329149     0.240378 -4.90444e-05     0.723422 -2.28763e-19   -0.0604152
  -0.0155206 -4.90444e-05    0.0432811    0.0195522    0.0604152  4.72221e-19
 9.98228e-19     0.723422    0.0195522        3.217 -7.73369e-19 -5.28549e-17
   -0.723422 -2.28763e-19    0.0604152 -3.96816e-20        3.217 -3.20175e-21
  -0.0195522   -0.0604152  4.72221e-19  3.83265e-17 -6.24001e-20        3.217
1 a_p/parent in final recur [           0,           0,        9.81,           0,           0,           0]
1 s.Z in final recur [           0,           0,           0,           0,          -1,           0]
1 s.u in final recur 0
1 s.R/parent force in final recur [-5.18506e-16,-3.14092e-20,     31.5588,   -0.191807,   -0.592673, 4.63249e-18]
1 s.R/parent projection in final recur -0.592673
1 s.C [           0,           0,           0,           0,           0,           0]
1 s.F [[    0.966344,           0,   -0.257252;
            0,           1,           0;
     0.257252,           0,    0.966344]
[       0.033,           0,       0.019]]
1 s.acc/current [     2.52364,           0,     9.47984,           0,           0,           0]
2 P~ in final recur: 
    0.072403 -8.98515e-05   0.00335176  2.27852e-19    -0.272427    0.0174078
-8.98515e-05    0.0719554 -0.000650264     0.272427 -9.78023e-20    0.0174313
  0.00335176 -0.000650264    0.0311922   -0.0174078   -0.0174313  4.03188e-19
 2.27852e-19     0.272427   -0.0174078        2.062 -7.24853e-19 -7.78186e-17
   -0.272427 -9.78023e-20   -0.0174313 -3.71923e-20        2.062 -1.41991e-20
   0.0174078    0.0174313  4.03188e-19 -6.14201e-17 -2.76732e-19        2.062
2 P in final recur: 
    0.188904 -0.000413619   -0.0362598  6.09017e-19    -0.561687    0.0174078
-0.000413619     0.196539  -0.00320795     0.561687 -2.16128e-19    -0.126171
  -0.0362598  -0.00320795    0.0392749   -0.0174078     0.126171  5.19231e-19
 6.09017e-19     0.561687   -0.0174078        2.062 -7.63393e-19 -1.39157e-16
   -0.561687 -2.16128e-19     0.126171 -3.91697e-20        2.062  7.11415e-21
   0.0174078    -0.126171  5.19231e-19  5.73543e-17   1.3865e-19        2.062
2 a_p/parent in final recur [     2.52364,           0,     9.47984,           0,           0,           0]
2 s.Z in final recur [           0,           0,           0,           0,           1,           0]
2 s.u in final recur 0
2 s.R/parent force in final recur [     5.20374,-3.14092e-20,     19.5474,    0.165023,    0.221412,   -0.043931]
2 s.R/parent projection in final recur -0.221412
2 s.C [           0,           0,           0,           0,           0,           0]
2 s.F [[    0.855457,           0,    0.517874;
            0,           1,           0;
    -0.517874,           0,    0.855457]
[           0,           0,       0.155]]
2 s.acc/current [     -2.7505,           0,     9.41652,           0,           0,           0]
3 P~ in final recur: 
   0.0231385 -2.57681e-08 -2.40535e-05 -1.54054e-20    -0.049529  -0.00874419
-2.57681e-08     0.023051  0.000251852     0.049529  5.29396e-23 -0.000250557
-2.40535e-05  0.000251852     0.020088   0.00874419  0.000250557            0
-1.54054e-20     0.049529   0.00874419        1.128 -7.75882e-19            0
   -0.049529  5.29396e-23  0.000250557 -3.98105e-20        1.128            0
 -0.00874419 -0.000250557            0            0            0        1.128
3 P in final recur: 
   0.0558417 -8.98515e-05   0.00335176  2.27852e-19    -0.198641  -0.00874419
-8.98515e-05    0.0561263   0.00141574     0.198641 -9.78023e-20    0.0174313
  0.00335176   0.00141574      0.02046   0.00874419   -0.0174313  4.03188e-19
 2.27852e-19     0.198641   0.00874419        1.128 -7.24853e-19 -7.78186e-17
   -0.198641 -9.78023e-20   -0.0174313 -3.71923e-20        1.128 -1.41991e-20
 -0.00874419    0.0174313  4.03188e-19 -6.14201e-17 -2.76732e-19        1.128
3 a_p/parent in final recur [     -2.7505,           0,     9.41652,           0,           0,           0]
3 s.Z in final recur [           0,           0,           0,           0,          -1,           0]
3 s.u in final recur 0
3 s.R/parent force in final recur [    -3.10256,-3.14092e-20,     10.6218,  -0.0823398,   -0.382219,  -0.0240509]
3 s.R/parent projection in final recur -0.382219
3 s.C [           0,           0,           0,           0,           0,           0]
3 s.F [[    0.934231,           0,   -0.356668;
            0,           1,           0;
     0.356668,           0,    0.934231]
[           0,           0,       0.135]]
3 s.acc/current [    0.788967,           0,     9.77822,           0,           0,           0]
4 P~ in final recur: 
 0.0102902          0 2.5602e-05          0   0.008534          0
         0  0.0102924          0  -0.008534          0  -0.000753
2.5602e-05          0  0.0100023         -0   0.000753          0
         0  -0.008534         -0      0.251          0          0
  0.008534          0   0.000753          0      0.251          0
         0  -0.000753          0          0          0      0.251
4 P in final recur: 
   0.0123132 -2.57681e-08 -2.40535e-05 -1.54054e-20    -0.024096  2.58136e-05
-2.57681e-08    0.0123135  -2.4781e-06     0.024096  5.29396e-23 -0.000250557
-2.40535e-05  -2.4781e-06    0.0100003 -2.58136e-05  0.000250557            0
-1.54054e-20     0.024096 -2.58136e-05        0.251 -7.75882e-19            0
   -0.024096  5.29396e-23  0.000250557 -3.98105e-20        0.251            0
 2.58136e-05 -0.000250557            0            0            0        0.251
4 a_p/parent in final recur [    0.788967,           0,     9.77822,           0,           0,           0]
4 s.Z in final recur [           0,           0,           0,           0,           0,           1]
4 s.u in final recur 0
4 s.R/parent force in final recur [    0.198031,-3.14092e-20,     2.45433, 0.000252411,   0.0165609,-2.03661e-05]
4 s.R/parent projection in final recur 2.03661e-05
4 s.C [           0,           0,           0,           0,           0,           0]
4 s.F [[    0.999412,   -0.034281,           0;
     0.034281,    0.999412,           0;
            0,           0,           1]
[      -0.002,           0,        0.13]]
4 s.acc/current [    0.788503,  -0.0270466,     9.77822,           0,           0,           0]

In update hook after cartjnt jacc      -0.000000   -2.465581   -1.126558   -6.809988   0.002037
In update hook after cartjnt jtorques   -0.000000   -0.592673   -0.221412   -0.382219   0.000020
In update hook before cartjnt jacc      0.000000   0.000000   0.000000   0.000000   0.000000
0 s.F [[    0.999999,  0.00110132,           0;
  -0.00110132,    0.999999,           0;
            0,           0,           1]
[       0.024,           0,       0.096]]
0 Z in segment [           0,           0,           0,           0,           0,           1]
0 Link velocity [           0,           0,           0,           0,           0,           0]
0 aj [           0,           0,           0,           0,           0,           0]
0 Link acceleration: [           0,           0,        9.81,           0,           0,           0]
0 Link acceleration 000: [           0,           0,           0,           0,           0,           0]
0 Link bias acceleration: [           0,           0,           0,           0,           0,           0]
0 Link bias acceleration in joint coor: [           0,           0,           0,           0,           0,           0]
0 U [           0,           0,           0,           0,           0,           0]
1 s.F [[    0.966344,           0,   -0.257252;
            0,           1,           0;
     0.257252,           0,    0.966344]
[       0.033,           0,       0.019]]
1 Z in segment [           0,           0,           0,           0,          -1,           0]
1 Link velocity [           0,           0,           0,           0,           0,           0]
1 aj [           0,           0,           0,           0,           0,           0]
1 Link acceleration: [     2.52364,           0,     9.47984,           0,           0,           0]
1 Link acceleration 000: [           0,           0,        9.81,           0,           0,           0]
1 Link bias acceleration: [           0,           0,           0,           0,           0,           0]
1 Link bias acceleration in joint coor: [           0,           0,           0,           0,           0,           0]
1 U [           0,           0,           0,           0,           0,           0]
2 s.F [[    0.855457,           0,    0.517874;
            0,           1,           0;
    -0.517874,           0,    0.855457]
[           0,           0,       0.155]]
2 Z in segment [           0,           0,           0,           0,           1,           0]
2 Link velocity [           0,           0,           0,           0,           0,           0]
2 aj [           0,           0,           0,           0,           0,           0]
2 Link acceleration: [     -2.7505,           0,     9.41652,           0,           0,           0]
2 Link acceleration 000: [     2.52364,           0,     9.47984,           0,           0,           0]
2 Link bias acceleration: [           0,           0,           0,           0,           0,           0]
2 Link bias acceleration in joint coor: [           0,           0,           0,           0,           0,           0]
2 U [           0,           0,           0,           0,           0,           0]
3 s.F [[    0.934231,           0,   -0.356668;
            0,           1,           0;
     0.356668,           0,    0.934231]
[           0,           0,       0.135]]
3 Z in segment [           0,           0,           0,           0,          -1,           0]
3 Link velocity [           0,           0,           0,           0,           0,           0]
3 aj [           0,           0,           0,           0,           0,           0]
3 Link acceleration: [    0.788967,           0,     9.77822,           0,           0,           0]
3 Link acceleration 000: [     -2.7505,           0,     9.41652,           0,           0,           0]
3 Link bias acceleration: [           0,           0,           0,           0,           0,           0]
3 Link bias acceleration in joint coor: [           0,           0,           0,           0,           0,           0]
3 U [           0,           0,           0,           0,           0,           0]
4 s.F [[    0.999412,   -0.034281,           0;
     0.034281,    0.999412,           0;
            0,           0,           1]
[      -0.002,           0,        0.13]]
4 Z in segment [           0,           0,           0,           0,           0,           1]
4 Link velocity [           0,           0,           0,           0,           0,           0]
4 aj [           0,           0,           0,           0,           0,           0]
4 Link acceleration: [    0.788503,  -0.0270466,     9.77822,           0,           0,           0]
4 Link acceleration 000: [    0.788967,           0,     9.77822,           0,           0,           0]
4 Link bias acceleration: [           0,           0,           0,           0,           0,           0]
4 Link bias acceleration in joint coor: [           0,           0,           0,           0,           0,           0]
4 U [           0,           0,           0,           0,           0,           0]
5 totalBias -0
5 s.u 0
5 s.R [           0,           0,           0,           0,           0,           0]
5 R~ [           0,           0,           0,           0,           0,           0]
5 P~: 
 0.0102902          0 2.5602e-05          0   0.008534          0
         0  0.0102924          0  -0.008534          0  -0.000753
2.5602e-05          0  0.0100023         -0   0.000753          0
         0  -0.008534         -0      0.251          0          0
  0.008534          0   0.000753          0      0.251          0
         0  -0.000753          0          0          0      0.251
5 P: 
   0.0123132 -2.57681e-08 -2.40535e-05 -1.54054e-20    -0.024096  2.58136e-05
-2.57681e-08    0.0123135  -2.4781e-06     0.024096  5.29396e-23 -0.000250557
-2.40535e-05  -2.4781e-06    0.0100003 -2.58136e-05  0.000250557            0
-1.54054e-20     0.024096 -2.58136e-05        0.251 -7.75882e-19            0
   -0.024096  5.29396e-23  0.000250557 -3.98105e-20        0.251            0
 2.58136e-05 -0.000250557            0            0            0        0.251
4 totalBias -0
4 s.u 0
4 s.R [           0,           0,           0,           0,           0,           0]
4 R~ [           0,           0,           0,           0,           0,           0]
4 P~: 
   0.0231385 -2.57681e-08 -2.40535e-05 -1.54054e-20    -0.049529  -0.00874419
-2.57681e-08     0.023051  0.000251852     0.049529  5.29396e-23 -0.000250557
-2.40535e-05  0.000251852     0.020088   0.00874419  0.000250557            0
-1.54054e-20     0.049529   0.00874419        1.128 -7.75882e-19            0
   -0.049529  5.29396e-23  0.000250557 -3.98105e-20        1.128            0
 -0.00874419 -0.000250557            0            0            0        1.128
4 P: 
   0.0558417 -8.98515e-05   0.00335176  2.27852e-19    -0.198641  -0.00874419
-8.98515e-05    0.0561263   0.00141574     0.198641 -9.78023e-20    0.0174313
  0.00335176   0.00141574      0.02046   0.00874419   -0.0174313  4.03188e-19
 2.27852e-19     0.198641   0.00874419        1.128 -7.24853e-19 -7.78186e-17
   -0.198641 -9.78023e-20   -0.0174313 -3.71923e-20        1.128 -1.41991e-20
 -0.00874419    0.0174313  4.03188e-19 -6.14201e-17 -2.76732e-19        1.128
3 totalBias -0
3 s.u 0
3 s.R [           0,           0,           0,           0,           0,           0]
3 R~ [           0,           0,           0,           0,           0,           0]
3 P~: 
    0.072403 -8.98515e-05   0.00335176  2.27852e-19    -0.272427    0.0174078
-8.98515e-05    0.0719554 -0.000650264     0.272427 -9.78023e-20    0.0174313
  0.00335176 -0.000650264    0.0311922   -0.0174078   -0.0174313  4.03188e-19
 2.27852e-19     0.272427   -0.0174078        2.062 -7.24853e-19 -7.78186e-17
   -0.272427 -9.78023e-20   -0.0174313 -3.71923e-20        2.062 -1.41991e-20
   0.0174078    0.0174313  4.03188e-19 -6.14201e-17 -2.76732e-19        2.062
3 P: 
    0.188904 -0.000413619   -0.0362598  6.09017e-19    -0.561687    0.0174078
-0.000413619     0.196539  -0.00320795     0.561687 -2.16128e-19    -0.126171
  -0.0362598  -0.00320795    0.0392749   -0.0174078     0.126171  5.19231e-19
 6.09017e-19     0.561687   -0.0174078        2.062 -7.63393e-19 -1.39157e-16
   -0.561687 -2.16128e-19     0.126171 -3.91697e-20        2.062  7.11415e-21
   0.0174078    -0.126171  5.19231e-19  5.73543e-17   1.3865e-19        2.062
2 totalBias -0
2 s.u 0
2 s.R [           0,           0,           0,           0,           0,           0]
2 R~ [           0,           0,           0,           0,           0,           0]
2 P~: 
    0.207113 -0.000413619   -0.0362598  6.09017e-19    -0.651777   -0.0195522
-0.000413619     0.213566 -0.000325072     0.651777 -2.16128e-19    -0.126171
  -0.0362598 -0.000325072    0.0504576    0.0195522     0.126171  5.19231e-19
 6.09017e-19     0.651777    0.0195522        3.217 -7.63393e-19 -1.39157e-16
   -0.651777 -2.16128e-19     0.126171 -3.91697e-20        3.217  7.11415e-21
  -0.0195522    -0.126171  5.19231e-19  5.73543e-17   1.3865e-19        3.217
2 P: 
    0.241103  0.000329149   -0.0155206  9.98228e-19    -0.723422   -0.0195522
 0.000329149     0.240378 -4.90444e-05     0.723422 -2.28763e-19   -0.0604152
  -0.0155206 -4.90444e-05    0.0432811    0.0195522    0.0604152  4.72221e-19
 9.98228e-19     0.723422    0.0195522        3.217 -7.73369e-19 -5.28549e-17
   -0.723422 -2.28763e-19    0.0604152 -3.96816e-20        3.217 -3.20175e-21
  -0.0195522   -0.0604152  4.72221e-19  3.83265e-17 -6.24001e-20        3.217
1 totalBias -0
1 s.u 0
1 s.R [           0,           0,           0,           0,           0,           0]
1 R~ [           0,           0,           0,           0,           0,           0]
1 P~: 
    0.251103  0.000329149   -0.0155206  9.98228e-19    -0.723422   -0.0195522
 0.000329149     0.250378 -4.90444e-05     0.723422 -2.28763e-19   -0.0604152
  -0.0155206 -4.90444e-05    0.0532811    0.0195522    0.0604152  4.72221e-19
 9.98228e-19     0.723422    0.0195522        5.629 -7.73369e-19 -5.28549e-17
   -0.723422 -2.28763e-19    0.0604152 -3.96816e-20        5.629 -3.20175e-21
  -0.0195522   -0.0604152  4.72221e-19  3.83265e-17 -6.24001e-20        5.629
1 P: 
    0.441877    0.0007992   -0.0516498  9.84782e-19     -1.26381   -0.0196187
   0.0007992     0.447293   0.00185145      1.26381 -1.40502e-19     -0.19549
  -0.0516498   0.00185145    0.0594223    0.0196187      0.19549  4.73541e-19
 9.84782e-19      1.26381    0.0196187        5.629 -6.16216e-19 -5.28548e-17
    -1.26381 -1.40502e-19      0.19549   2.4564e-20        5.629  5.50083e-20
  -0.0196187     -0.19549  4.73541e-19  3.83265e-17  -1.0461e-19        5.629
0 totalBias 1.59091e-306
0 s.u -9.49571e-66
0 s.R [           0,           0,           0,           0,           0,           0]
0 R~ [           0,           0,           0,           0,           0,           0]
0 P~: 
    0.441877    0.0007992   -0.0516498  9.84782e-19     -1.26381   -0.0196187
   0.0007992     0.447293   0.00185145      1.26381 -1.40502e-19     -0.19549
  -0.0516498   0.00185145    0.0594223    0.0196187      0.19549  4.73541e-19
 9.84782e-19      1.26381    0.0196187        5.629 -6.16216e-19 -5.28548e-17
    -1.26381 -1.40502e-19      0.19549   2.4564e-20        5.629  5.50083e-20
  -0.0196187     -0.19549  4.73541e-19  3.83265e-17  -1.0461e-19        5.629
0 P: 
0 0 0 0 0 0
0 0 0 0 0 0
0 0 0 0 0 0
0 0 0 0 0 0
0 0 0 0 0 0
0 0 0 0 0 0
0 P~ in final recur: 
    0.251103  0.000329149   -0.0155206  9.98228e-19    -0.723422   -0.0195522
 0.000329149     0.250378 -4.90444e-05     0.723422 -2.28763e-19   -0.0604152
  -0.0155206 -4.90444e-05    0.0532811    0.0195522    0.0604152  4.72221e-19
 9.98228e-19     0.723422    0.0195522        5.629 -7.73369e-19 -5.28549e-17
   -0.723422 -2.28763e-19    0.0604152 -3.96816e-20        5.629 -3.20175e-21
  -0.0195522   -0.0604152  4.72221e-19  3.83265e-17 -6.24001e-20        5.629
0 P in final recur: 
    0.441877    0.0007992   -0.0516498  9.84782e-19     -1.26381   -0.0196187
   0.0007992     0.447293   0.00185145      1.26381 -1.40502e-19     -0.19549
  -0.0516498   0.00185145    0.0594223    0.0196187      0.19549  4.73541e-19
 9.84782e-19      1.26381    0.0196187        5.629 -6.16216e-19 -5.28548e-17
    -1.26381 -1.40502e-19      0.19549   2.4564e-20        5.629  5.50083e-20
  -0.0196187     -0.19549  4.73541e-19  3.83265e-17  -1.0461e-19        5.629
0 a_p/parent in final recur [           0,           0,        9.81,           0,           0,           0]
0 s.Z in final recur [           0,           0,           0,           0,           0,           1]
0 s.u in final recur 0
0 s.R/parent force in final recur [-5.18506e-16, 5.39632e-19,     55.2205,    -0.19246,    -1.91775, 4.64544e-18]
0 s.R/parent projection in final recur -4.64544e-18
0 s.C [           0,           0,           0,           0,           0,           0]
0 s.F [[    0.999999,  0.00110132,           0;
  -0.00110132,    0.999999,           0;
            0,           0,           1]
[       0.024,           0,       0.096]]
0 s.acc/current [           0,           0,        9.81,           0,           0,           0]
1 P~ in final recur: 
    0.207113 -0.000413619   -0.0362598  6.09017e-19    -0.651777   -0.0195522
-0.000413619     0.213566 -0.000325072     0.651777 -2.16128e-19    -0.126171
  -0.0362598 -0.000325072    0.0504576    0.0195522     0.126171  5.19231e-19
 6.09017e-19     0.651777    0.0195522        3.217 -7.63393e-19 -1.39157e-16
   -0.651777 -2.16128e-19     0.126171 -3.91697e-20        3.217  7.11415e-21
  -0.0195522    -0.126171  5.19231e-19  5.73543e-17   1.3865e-19        3.217
1 P in final recur: 
    0.241103  0.000329149   -0.0155206  9.98228e-19    -0.723422   -0.0195522
 0.000329149     0.240378 -4.90444e-05     0.723422 -2.28763e-19   -0.0604152
  -0.0155206 -4.90444e-05    0.0432811    0.0195522    0.0604152  4.72221e-19
 9.98228e-19     0.723422    0.0195522        3.217 -7.73369e-19 -5.28549e-17
   -0.723422 -2.28763e-19    0.0604152 -3.96816e-20        3.217 -3.20175e-21
  -0.0195522   -0.0604152  4.72221e-19  3.83265e-17 -6.24001e-20        3.217
1 a_p/parent in final recur [           0,           0,        9.81,           0,           0,           0]
1 s.Z in final recur [           0,           0,           0,           0,          -1,           0]
1 s.u in final recur 0
1 s.R/parent force in final recur [-5.18506e-16,-3.14092e-20,     31.5588,   -0.191807,   -0.592673, 4.63249e-18]
1 s.R/parent projection in final recur -0.592673
1 s.C [           0,           0,           0,           0,           0,           0]
1 s.F [[    0.966344,           0,   -0.257252;
            0,           1,           0;
     0.257252,           0,    0.966344]
[       0.033,           0,       0.019]]
1 s.acc/current [     2.52364,           0,     9.47984,           0,           0,           0]
2 P~ in final recur: 
    0.072403 -8.98515e-05   0.00335176  2.27852e-19    -0.272427    0.0174078
-8.98515e-05    0.0719554 -0.000650264     0.272427 -9.78023e-20    0.0174313
  0.00335176 -0.000650264    0.0311922   -0.0174078   -0.0174313  4.03188e-19
 2.27852e-19     0.272427   -0.0174078        2.062 -7.24853e-19 -7.78186e-17
   -0.272427 -9.78023e-20   -0.0174313 -3.71923e-20        2.062 -1.41991e-20
   0.0174078    0.0174313  4.03188e-19 -6.14201e-17 -2.76732e-19        2.062
2 P in final recur: 
    0.188904 -0.000413619   -0.0362598  6.09017e-19    -0.561687    0.0174078
-0.000413619     0.196539  -0.00320795     0.561687 -2.16128e-19    -0.126171
  -0.0362598  -0.00320795    0.0392749   -0.0174078     0.126171  5.19231e-19
 6.09017e-19     0.561687   -0.0174078        2.062 -7.63393e-19 -1.39157e-16
   -0.561687 -2.16128e-19     0.126171 -3.91697e-20        2.062  7.11415e-21
   0.0174078    -0.126171  5.19231e-19  5.73543e-17   1.3865e-19        2.062
2 a_p/parent in final recur [     2.52364,           0,     9.47984,           0,           0,           0]
2 s.Z in final recur [           0,           0,           0,           0,           1,           0]
2 s.u in final recur 0
2 s.R/parent force in final recur [     5.20374,-3.14092e-20,     19.5474,    0.165023,    0.221412,   -0.043931]
2 s.R/parent projection in final recur -0.221412
2 s.C [           0,           0,           0,           0,           0,           0]
2 s.F [[    0.855457,           0,    0.517874;
            0,           1,           0;
    -0.517874,           0,    0.855457]
[           0,           0,       0.155]]
2 s.acc/current [     -2.7505,           0,     9.41652,           0,           0,           0]
3 P~ in final recur: 
   0.0231385 -2.57681e-08 -2.40535e-05 -1.54054e-20    -0.049529  -0.00874419
-2.57681e-08     0.023051  0.000251852     0.049529  5.29396e-23 -0.000250557
-2.40535e-05  0.000251852     0.020088   0.00874419  0.000250557            0
-1.54054e-20     0.049529   0.00874419        1.128 -7.75882e-19            0
   -0.049529  5.29396e-23  0.000250557 -3.98105e-20        1.128            0
 -0.00874419 -0.000250557            0            0            0        1.128
3 P in final recur: 
   0.0558417 -8.98515e-05   0.00335176  2.27852e-19    -0.198641  -0.00874419
-8.98515e-05    0.0561263   0.00141574     0.198641 -9.78023e-20    0.0174313
  0.00335176   0.00141574      0.02046   0.00874419   -0.0174313  4.03188e-19
 2.27852e-19     0.198641   0.00874419        1.128 -7.24853e-19 -7.78186e-17
   -0.198641 -9.78023e-20   -0.0174313 -3.71923e-20        1.128 -1.41991e-20
 -0.00874419    0.0174313  4.03188e-19 -6.14201e-17 -2.76732e-19        1.128
3 a_p/parent in final recur [     -2.7505,           0,     9.41652,           0,           0,           0]
3 s.Z in final recur [           0,           0,           0,           0,          -1,           0]
3 s.u in final recur 0
3 s.R/parent force in final recur [    -3.10256,-3.14092e-20,     10.6218,  -0.0823398,   -0.382219,  -0.0240509]
3 s.R/parent projection in final recur -0.382219
3 s.C [           0,           0,           0,           0,           0,           0]
3 s.F [[    0.934231,           0,   -0.356668;
            0,           1,           0;
     0.356668,           0,    0.934231]
[           0,           0,       0.135]]
3 s.acc/current [    0.788967,           0,     9.77822,           0,           0,           0]
4 P~ in final recur: 
 0.0102902          0 2.5602e-05          0   0.008534          0
         0  0.0102924          0  -0.008534          0  -0.000753
2.5602e-05          0  0.0100023         -0   0.000753          0
         0  -0.008534         -0      0.251          0          0
  0.008534          0   0.000753          0      0.251          0
         0  -0.000753          0          0          0      0.251
4 P in final recur: 
   0.0123132 -2.57681e-08 -2.40535e-05 -1.54054e-20    -0.024096  2.58136e-05
-2.57681e-08    0.0123135  -2.4781e-06     0.024096  5.29396e-23 -0.000250557
-2.40535e-05  -2.4781e-06    0.0100003 -2.58136e-05  0.000250557            0
-1.54054e-20     0.024096 -2.58136e-05        0.251 -7.75882e-19            0
   -0.024096  5.29396e-23  0.000250557 -3.98105e-20        0.251            0
 2.58136e-05 -0.000250557            0            0            0        0.251
